
0009980
0029970
0030320
0039368
0078807
0084359
0088641
0095494
0105495
0146349
0160332
0176775
0216433
0226770
0235088
0239895
0246987
0277900
0288016
0292255
0315175
0330055
0372107
0372936
0373376
0377619
0413707
0416998
0419598
0431273
0483775
0485195
0503434
0515563
0516843
0532713
0547372
0562804
0564913
0613998
0645983
0660543
0661469
0673575
0686486
0691076
0709808
0733246
0740508
0760682
0764465
0774248
0788625
0808134
0811359
0835763
0838010
0842669
0852028
0880780
0883216
0885001
0893995
0915509
0918299
0924077
0951698
0961875
0991534
1028377
1043218
1061670
1064154
1074888
1075891
1077331
1092508
1098576
1108557
1112284
1134050
1138679
1150494
1150815
1172107
1183968
1189740
1264136
1265979
1299414
1306585
1308638
1324329
1335942
1342477
1350032
1351028
1405824
1415216
1418294
1418502
1420567
1429150
1429359
1445136
1467692
1472951
1477536
1492572
1512817
1546307
1547936
1550763
1568097
1571469
1596594
1612077
1625706
1636451
1662573
1681437
1688250
1745543
1746465
1773765
1778218
1798143
1828427
1842857
1846173
1856225
1869168
1869954
1879124
1896773
1920616
1926477
1928926
1945341
1973436
1974606
2003052
2004284
2017593
2046577
2063520
2082695
2116835
2122212
2140106
2182374
2208993
2228334
2230085
2253952
2253994
2259302
2284554
2298791
2308164
2310198
2311091
2362653
2363475
2370473
2370796
2401397
2408253
2416981
2433980
2481046
2499308
2511958
2526759
2540459
2550212
2550645
2559752
2629785
2633181
2645492
2659032
2659505
2663169
2674093
2699787
2706795
2726184
2735008
2742417
2756918
2768968
2820101
2836202
2853137
2926908
2934724
2938534
2974940
3011817
3032919
3040822
3057571
3058920
3066507
3082827
3108985
3114766
3119159
3122738
3128979
3143796
3152945
3153562
3164007
3182702
3187232
3193817
3208016
3271634
3280291
3301103
3315095
3320300
3336960
3341875
3377325
3381185
3384933
3392998
3405631
3423967
3434929
3442659
3446902
3463918
3494024
3501687
3512954
3564007
3565005
3618908
3633645
3636488
3640365
3661062
3674042
3739173
3744858
3749249
3762948
3793682
3832293
3834833
3843725
3847939
3875868
3889262
3944149
3953954
3982451
3985920
3988244
3991091
3996940
3997291
4003489
4024196
4035270
4059176
4070581
4085734
4086517
4089259
4114115
4120009
4153594
4172244
4190663
4196508
4252647
4273249
4285992
4328571
4337490
4342324
4355777
4384004
4391939
4397621
4409495
4417202
4419990
4458301
4471062
4478627
4494090
4514122
4516046
4531767
4534937
4563316
4637799
4643815
4662613
4669415
4673557
4681073
4681903
4686745
4696226
4697000
4726253
4741457
4755273
4765003
4780950
4781245
4812628
4846637
4859406
4873565
4884727
4903467
4914766
4915406
4920131
4936042
4988798
4992054
5020097
5036258
5039933
5040077
5046915
5069428
5101149
5109734
5115393
5149273
5153300
5194179
5223426
5240296
5263961
5275799
5298730
5300648
5312771
5336625
5342484
5353237
5365811
5365980
5395291
5410021
5411450
5426547
5428966
5431283
5437242
5443995
5457299
5473135
5484623
5501559
5508522
5520146
5533000
5534223
5537446
5551186
5573664
5603052
5626780
5629159
5634125
5644486
5655914
5666058
5675084
5675800
5677760
5680311
5694627
5715077
5759378
5777877
5809692
5809849
5844431
5846174
5846558
5851329
5861522
5888920
5907214
5914394
5927237
5941975
5943921
5948222
5973471
5974295
5978733
6059638
6102446
6122376
6124229
6132912
6136830
6141531
6168362
6189211
6235431
6254313
6325313
6353945
6359341
6360549
6361911
6378401
6382726
6391559
6400241
6419321
6423088
6431805
6459695
6487707
6501658
6542656
6557818
6563472
6577523
6605457
6636521
6638762
6640336
6649053
6669345
6692338
6697738
6698744
6701794
6708080
6733488
6752814
6754425
6760590
6763053
6764017
6783112
6788735
6824934
6833043
6860593
6928330
6938382
6970946
6972682
6975777
6979668
6997197
7016033
7033777
7039692
7043687
7044250
7052505
7063731
7069103
7123642
7154512
7193293
7199447
7210043
7246925
7288327
7290116
7304245
7311034
7315859
7316404
7324522
7326364
7334903
7375121
7379573
7392880
7395045
7397959
7467681
7469952
7501003
7502092
7510918
7521903
7574281
7609806
7634891
7645293
7646753
7678499
7700560
7701419
7761727
7763516
7772237
7801385
7843249
7850739
7856624
7898987
7921352
7947419
7948703
7967118
7968585
7973216
7989900
7991948
7992487
8004213
8019997
8031523
8048429
8068764
8090747
8177681
8184850
8194979
8197824
8218183
8221577
8230621
8236618
8278248
8318793
8321397
8341958
8369822
8374539
8388714
8389889
8392078
8399657
8406200
8452620
8453075
8481113
8487405
8498594
8499454
8503762
8507579
8550409
8554685
8581439
8609292
8612638
8637613
8638881
8646296
8646849
8664579
8681952
8683841
8689007
8698021
8716404
8720772
8742325
8749508
8794884
8810462
8810678
8823267
8835700
8839066
8841229
8875970
8893318
8896256
8909348
8952682
8974656
8978234
8981546
9011847
9020649
9070415
9111093
9116059
9152575
9161265
9185954
9193853
9201721
9206152
9211813
9241863
9251014
9253986
9267931
9275072
9300939
9303292
9316788
9330163
9341198
9365873
9373993
9378879
9384138
9387277
9390979
9393569
9397066
9411433
9452504
9454354
9463693
9473922
9477299
9537040
9550589
9552784
9575617
9589894
9705230
9726104
9737628
9738480
9750180
9755117
9760122
9765439
9803615
9805720
9835737
9851360
9872687
9874419
9888754
9906240
9935774
9963796
9978699
9986859







0004427
0016379
0044258
0074526
0107102
0313345
0315927
0378790
0404247
0406230
0417626
0448212
0474427
0542667
0569454
0570086
0573573
0583396
0585338
0587069
0612847
0620286
0638563
0646004
0651240
0700454
0723346
0728403
0773497
0782349
0783390
0812139
0847454
0854243
0885165
0891384
0896802
0901154
0964318
0974970
0986899
1013013
1030267
1044041
1065374
1069338
1075024
1087699
1092815
1093610
1117582
1120107
1148456
1152709
1158402
1159152
1163656
1230776
1287339
1295133
1309368
1318477
1340856
1361565
1370790
1427714
1437778
1443290
1457691
1473950
1490914
1495679
1553276
1622383
1625124
1649248
1652527
1658672
1662657
1685592
1700806
1725379
1733491
1772086
1773393
1780566
1794328
1800418
1845968
1857257
1892045
1901362
1908616
1912316
1971813
2023821
2084557
2091692
2113760
2133095
2164663
2174817
2213627
2266295
2305589
2309771
2392109
2396330
2405368
2409642
2440247
2458540
2508004
2508083
2511607
2521042
2522103
2546422
2574997
2600142
2644937
2702535
2703954
2760237
2766301
2781057
2800778
2824939
2825215
2861235
2864151
2872594
2874854
2914605
2961136
2984695
3001477
3008093
3041493
3078425
3090984
3113577
3139467
3148260
3157370
3157760
3163006
3226320
3233011
3264193
3286667
3290341
3291653
3341112
3352720
3357561
3357913
3372212
3383663
3391173
3395690
3402292
3407242
3413017
3418220
3472162
3488510
3510462
3515620
3558241
3620706
3621675
3639799
3644779
3658922
3675995
3684691
3688948
3701112
3720435
3738349
3758626
3782237
3791142
3832685
3848766
3923623
3932890
3932946
3945289
3945938
3997055
4027332
4049785
4051683
4053019
4083579
4087751
4122652
4157045
4170177
4176120
4177002
4217865
4226293
4229844
4231306
4252298
4264793
4293952
4343704
4362711
4403884
4418120
4418170
4471943
4482199
4486006
4520624
4537479
4539581
4577550
4598690
4609500
4610368
4610394
4619516
4635905
4636279
4682582
4699905
4703497
4715793
4746477
4750844
4764079
4778775
4784647
4789171
4796539
4797171
4828628
4855022
4856317
4864553
4914484
4943851
4944819
4946033
4946752
4947327
4994574
5021462
5071048
5088717
5092504
5094074
5107840
5163635
5259197
5280450
5305583
5306780
5307754
5308461
5311966
5312053
5322697
5377768
5379876
5407285
5422274
5422605
5423838
5434364
5434919
5443709
5446621
5457960
5512872
5519217
5521431
5592175
5595831
5615856
5683765
5720803
5729350
5788327
5818791
5824647
5827739
5895993
5900794
5904059
5906412
5943206
5944282
5978186
5980077
5985097
6034976
6042075
6052657
6066999
6077189
6140041
6174021
6174891
6188560
6194775
6208909
6226625
6245224
6245743
6287199
6300930
6319794
6350261
6364167
6365980
6374251
6391288
6400751
6406191
6420351
6445869
6464053
6505580
6524810
6544056
6548865
6559077
6589702
6596789
6600520
6629217
6631115
6631445
6638300
6648935
6733874
6767894
6772896
6776362
6777338
6784469
6788740
6818676
6819505
6833373
6842196
6851747
6854619
6879891
6887178
6891827
6926914
6955974
6985800
6997979
7018603
7023363
7029274
7052202
7068411
7085065
7094464
7099582
7115492
7122287
7174568
7208228
7217817
7218056
7247397
7254110
7264829
7272535
7348863
7376131
7383519
7401597
7408113
7413478
7432897
7473325
7492390
7523274
7567331
7576364
7623579
7631093
7659893
7685224
7717447
7736073
7783060
7853013
7858070
7901180
7914511
7920910
7933610
7943430
7978806
7981051
7988174
8034932
8084030
8170390
8176114
8218919
8219988
8221292
8221714
8256689
8299237
8324309
8326292
8327933
8328843
8348857
8366605
8367990
8416571
8417349
8420082
8454407
8466897
8504615
8547826
8569603
8591062
8591377
8622190
8654189
8662158
8667324
8688097
8693542
8761524
8771619
8774096
8774754
8779443
8790723
8795738
8815526
8821246
8825184
8845843
8850269
8936540
8940160
9020262
9030070
9085898
9103505
9104959
9105559
9114597
9114621
9143996
9152769
9175280
9212248
9230002
9246571
9269832
9277982
9284961
9313012
9313508
9334681
9350047
9408620
9434214
9536273
9553298
9572719
9583091
9651647
9665305
9700554
9703950
9710819
9718201
9743192
9767740
9787684
9807711
9812223
9822176
9859708
9895283
9932677
9947842
9957942
9976356


0026013
0043977
0064516
0068599
0131955
0136561
0174697
0315021
0330147
0374702
0398493
0476032
0521817
0579750
0581412
0582821
0589578
0591647
0608741
0649550
0659871
0676685
0733886
0751951
0824227
0855811
0940963
1008225
1038505
1042485
1043303
1067845
1113971
1136545
1196575
1305102
1321721
1449428
1473989
1476805
1505723
1562672
1631659
1717015
1725671
1726293
1767475
1790030
1792329
1859854
1872890
1873408
1917930
1939813
1964578
2003713
2030543
2040104
2070162
2079164
2118794
2207564
2279203
2302922
2352466
2407470
2411559
2415318
2426314
2430182
2458016
2482135
2496742
2547523
2607577
2647418
2670899
2674051
2750348
2807133
2842103
2928814
2957522
3008634
3017392
3043365
3072361
3123506
3245873
3349089
3393978
3407502
3414379
3433629
3467444
3490935
3533580
3544126
3578300
3616535
3618765
3629408
3769140
3812613
3821244
3858308
3878181
3889272
3902188
3936255
3946292
4037668
4048979
4058476
4069384
4138040
4217664
4246383
4308114
4380654
4384950
4453836
4458061
4497963
4509162
4649790
4692664
4751193
4789997
4820482
4912496
4919644
4944901
5004547
5044644
5070582
5097092
5097540
5170765
5171582
5194073
5218772
5249776
5252566
5374540
5386043
5433729
5445784
5501436
5538963
5604991
5671895
5714954
5739079
5763813
5796783
5899919
5907788
5951110
6049033
6093265
6097446
6200098
6435648
6449552
6465131
6530614
6685352
6742416
6764672
6853452
6883288
6933549
6940496
6967526
7014635
7090992
7122147
7232833
7253550
7270733
7279248
7311600
7315085
7385044
7388038
7402744
7462625
7501718
7578384
7698782
7761178
7772784
7775030
7801959
7836038
7843335
7854648
7890459
7931134
7939591
7952524
7967398
7983195
8050132
8052118
8082845
8111124
8114947
8133262
8162788
8238220
8300359
8303713
8346453
8363721
8402544
8454980
8455939
8482215
8560361
8570790
8653299
8747742
8790291
8801278
8837930
8927298
8933768
8939428
8948167
8973837
8995681
9072629
9078843
9138980
9171875
9181593
9264772
9468442
9582527
9652141
9657306
9768551
9768754
9806577
9845995
9859869
9878916
9975139


0001313
0009457
0020353
0031544
0060687
0083198
0116301
0118364
0190432
0191543
0199008
0203295
0234760
0272931
0290274
0360730
0361964
0408854
0440711
0481055
0580510
0621886
0625382
0642181
0649612
0670361
0670962
0715178
0718626
0773280
0834228
0886306
0926536
0939516
0977388
0979026
0998045
1003455
1008477
1039697
1048435
1054749
1076060
1099518
1106662
1221158
1242686
1259258
1293454
1306534
1314234
1346837
1350533
1352135
1363818
1364553
1365737
1394287
1413783
1413991
1425499
1475500
1504714
1535349
1560738
1570300
1635478
1643913
1651439
1653359
1657257
1658542
1661235
1718732
1726369
1734010
1753159
1757238
1767600
1768544
1778549
1800489
1815256
1832688
1862288
1889830
1903195
1907714
1925111
1926779
1932735
1934649
1945563
1963371
1967552
2008539
2050420
2077106
2129464
2152060
2166843
2172471
2198167
2205488
2305902
2324878
2334182
2348571
2388097
2401849
2418993
2422790
2436740
2474245
2476816
2499089
2504386
2542693
2561599
2561731
2562861
2566190
2573415
2618747
2667192
2672579
2682700
2690175
2695924
2760080
2771646
2780698
2815590
2822250
2859646
2873746
2884855
2941130
2951337
2979374
3003037
3014391
3028618
3068091
3079065
3140660
3164684
3216784
3219950
3246976
3248193
3262536
3274173
3277251
3294049
3313913
3345614
3358971
3361563
3366700
3447545
3475290
3498412
3503055
3564958
3572795
3576988
3600629
3611532
3655832
3668474
3668981
3673382
3693028
3732329
3734996
3739013
3748643
3756653
3792558
3801786
3808711
3819659
3898595
3899689
3920157
3970397
3970891
3982693
3995128
4008777
4014499
4060402
4090998
4092283
4092295
4146652
4169196
4190021
4289951
4294306
4316528
4327029
4355240
4374498
4389556
4416524
4437266
4473270
4501446
4509965
4511981
4515675
4553913
4561140
4564438
4564868
4566970
4575780
4582771
4606582
4698107
4699236
4717096
4740567
4741268
4789056
4854884
4879973
4884517
4901151
4902163
4913887
4956287
4963405
5014478
5029426
5031004
5086685
5089052
5102373
5104257
5107190
5153369
5156443
5186085
5244670
5250960
5269868
5279555
5297156
5321439
5340651
5389434
5393490
5464772
5470758
5488332
5492490
5494651
5503923
5527542
5550498
5553658
5581205
5601773
5608101
5608108
5616161
5638216
5678756
5683864
5694395
5696038
5697755
5712068
5713849
5738469
5739605
5764695
5780278
5784210
5785031
5786631
5790846
5794813
5801508
5811614
5869177
5869395
5875017
5887650
5902112
5908752
5909919
5927025
5927405
5959573
5975168
6004731
6046705
6072067
6074517
6084238
6135596
6185167
6212677
6229492
6236869
6267170
6293749
6296214
6316790
6331758
6332733
6362884
6370045
6372414
6378725
6437177
6477489
6509838
6519770
6580955
6581526
6586122
6590318
6591137
6617202
6637287
6642607
6685821
6800185
6815275
6822113
6842712
6850652
6861997
6867810
6887013
6939540
6950618
6952896
6955914
6987911
7006154
7009660
7010611
7061089
7066971
7082229
7124612
7154442
7168944
7178825
7201798
7209867
7219933
7250131
7262534
7314011
7340390
7351988
7396520
7418635
7482169
7507357
7510432
7536523
7539195
7550304
7552449
7560521
7580941
7598167
7610559
7633080
7637157
7644521
7663760
7681088
7690733
7753825
7795886
7805051
7808131
7809690
7811946
7828085
7842126
7853197
7885321
7930592
7932238
7940085
7944977
7961816
7999183
8016616
8055789
8059255
8065322
8094992
8117264
8159112
8172306
8181094
8191782
8198376
8208093
8232624
8251220
8271983
8272544
8278657
8299750
8334129
8341153
8367313
8377227
8402810
8411525
8412075
8453284
8480122
8485582
8527205
8542756
8559177
8571141
8575556
8577254
8659097
8670139
8709003
8717914
8718911
8727217
8741368
8775000
8796697
8811514
8819239
8821946
8856767
8870947
8889007
8906136
8923724
8924081
8952634
9003332
9010929
9013681
9017520
9034976
9039717
9067979
9076624
9083625
9089203
9106493
9111280
9129118
9138818
9161591
9217874
9226965
9233367
9249398
9267474
9287157
9350319
9391508
9428409
9450000
9468242
9472434
9498370
9499643
9511196
9512140
9514185
9521613
9545645
9594198
9596206
9650725
9703109
9709544
9735158
9745471
9749854
9817580
9821755
9822274
9832935
9856988
9885721
9983102